-0.504 3.885
1.577 4.937
-1.369 3.447
1.003 4.647
-1.104 3.581
-0.133 4.072
-1.456 3.403
1.644 4.972
0.334 4.309
-0.011 4.134
1.027 4.659
-0.271 4.002
-1.219 3.523
-0.218 4.029
-0.005 4.137
0.162 4.222
-1.285 3.489
0.879 4.585
-1.139 3.563
-0.047 4.116
0.301 4.292
-0.673 3.799
-2.631 2.809
0.485 4.385
0.484 4.385
0.859 4.574
0.247 4.265
-0.357 3.959
-0.455 3.909
-1.85 3.204
-0.034 4.122
-0.882 3.693
0.058 4.169
1.633 4.966
-1.164 3.551
-1.354 3.455
-0.239 4.019
2.437 5.373
0.242 4.262
-0.633 3.819
-2.14 3.057
0.193 4.237
-1.891 3.183
0.589 4.438
-0.228 4.024
-1.067 3.6
-0.078 4.1
-1.872 3.193
-0.373 3.951
0.244 4.263
